0.7510
0.5000
0.5000
0.5000
0.7535
0.5000
0.5000
0.7500
0.7645
0.7535
0.7635
0.7585
0.7490
0.7630
0.5000
0.7550
0.5000
0.5000
0.7500
0.5000
0.5000
0.7545
0.5000
0.7335
0.7375
0.7485
0.7405
0.7390
0.5000
0.5000
0.5000
0.7440
0.5000
0.7480
0.7445
0.5000
0.7630
0.7485
0.5000
0.7425
0.7650
0.5000
0.7555
0.7385
0.7635
0.7470
0.7475
0.7530
0.7525
0.4853
0.7425
0.7555
0.7465
0.7490
0.7690
0.5000
0.7435
0.7385
0.7535
0.7580
0.5000
0.7615
0.7505
0.7535
0.5000
0.5000
0.7625
0.7460
0.5000
0.7445
0.5000
0.7620
0.7570
0.4968
0.5000
0.5000
0.5000
0.7600
0.7540
0.7595
0.7470
0.7590
0.7420
0.7440
0.7305
0.7545
0.5000
0.7445
0.5000
0.7345
0.7585
0.7395
0.7540
0.7455
0.7470
0.7625
0.7505
0.7515
0.7535
0.7490
0.7535
0.5000
0.7515
0.7590
0.7525
0.7575
0.7565
0.7670
0.7550
0.7465
0.7605
0.7490
0.7570
0.7520
0.7565
0.7705
0.7570
0.7690
0.5000
0.7565
0.5000
0.5000
0.7515
0.5000
0.7480
0.7510
0.5000
0.5000
0.7485
0.5000
0.7430
0.7580
0.7575
0.5000
0.5000
0.5000
0.7490
0.7575
0.7540
0.7535
0.5000
0.7575
0.5000
0.7435
0.7505
0.7525
0.7575
0.7535
0.7650
0.5000
0.7530
0.5000
0.5000
0.5000
0.7565
0.7535
0.5000
0.7555
0.7635
0.7335
0.7455
0.5000
0.7470
0.7705
0.5000
0.7485
0.7545
0.7460
0.5000
0.5000
0.5000
0.7505
0.7555
0.7525
0.7515
0.5000
0.5000
0.7590
0.7510
0.5000
0.5000
0.7505
0.7580
0.5000
0.5000
0.7565
0.5000
0.3543
0.7545
0.7475
0.5000
0.7575
0.7640
0.5000
0.7610
0.7510
0.7435
0.7570
0.5000
0.5000
0.5000
0.5000
0.7465
0.7600
0.7475
0.7645
0.7595
0.5000
0.5000
0.7450
0.7620
0.7545
0.7420
0.5000
0.7625
0.7435
0.5000
0.7450
0.5000
0.5000
0.7620
0.5000
0.7480
0.7430
0.5000
0.7560
0.7470
0.5000
0.7450
0.7525
0.5000
0.7445
0.5000
0.7590
0.7560
0.7490
0.5000
0.5000
0.7585
0.4975
0.7480
0.7455
0.7445
0.7460
0.5000
0.7480
0.7545
0.7510
0.7400
0.7505
0.5000
0.5000
0.5000
0.7455
0.5000
0.7385
0.7565
0.5000
0.7455
0.7525
0.7595
0.7530
0.7495
0.5000
0.7650
0.5000
0.7465
0.7345
0.7570
0.7420
0.7335
0.5000
0.7490
0.7495
0.5000
0.4505
0.7550
0.7500
0.7515
0.7540
0.7585
0.7510
0.5000
0.5000
0.7380
0.5000
0.7405
0.5000
0.7580
0.7565
0.7605
0.5000
0.5000
0.7470
0.5000
0.7555
0.7585
0.5000
0.7450
0.5000
0.7335
0.7390
0.7445
0.5000
0.5000
0.7540
0.7575
0.5000
0.5000
0.7495
0.5000
0.5000
0.5000
0.5000
0.5000
0.7500
0.7650
0.5000
0.7525
0.7565
0.7585
0.5000
0.7560
0.5000
0.7480
0.5000
0.5000
0.7605
0.5000
0.7310
0.4997
0.5000
0.7455
0.7385
0.7625
0.5000
0.7570
0.7415
0.7435
0.7520
0.7440
0.7585
0.5000
0.7455
0.5000
0.7565
0.7335
0.7360
0.7505
0.5000
0.7400
0.5000
0.7465
0.7485
0.5000
0.7455
0.5000
0.7490
0.5000
0.7380
0.7455
0.7500
0.7550
0.5000
0.7695
0.7525
0.5000
0.7495
0.5000
0.7435
0.7495
0.5000
0.5000
0.7490
0.5000
0.7460
0.7560
0.7585
0.7410
0.7560
0.7475
0.7475
0.5000
0.5000
0.5000
0.5000
0.7510
0.7470
0.7515
0.7670
0.5000
0.7545
0.7465
0.7465
