-0.6131 -0.4281 -1.6713
-1.5711 -1.4204 0.1857
-0.0383 -0.1446 0.1857
-1.3795 -0.2155 0.1857
-0.2299 0.1389 0.1857
1.8777 1.4147 0.1857
1.6861 1.4147 0.1857
0.5365 0.5642 0.1857
-0.8047 -1.0660 0.1857
-1.1879 -0.0028 0.1857
-0.8047 0.0680 0.1857
-1.1879 -1.5621 0.1857
-2.3375 -0.4281 0.1857
0.3449 1.2021 0.1857
-0.4215 -0.3572 0.1857
0.1533 0.2098 0.1857
1.3029 1.2021 0.1857
0.9197 0.0680 0.1857
0.9197 -0.1446 0.1857
1.3029 -0.0028 0.1857
-0.2299 -0.7116 0.1857
1.4945 1.3438 0.1857
-0.0383 -0.3572 -1.6713
-0.9963 -0.5699 0.1857
-0.2299 -1.0660 0.1857
-0.2299 0.3516 0.1857
-0.8047 -0.4990 -1.6713
0.5365 1.4147 0.1857
0.1533 1.1312 0.1857
-0.4215 0.0680 0.1857
-1.1879 0.2098 0.1857
-0.2299 -1.5621 0.1857
0.3449 1.2730 0.1857
0.3449 0.0680 0.1857
-0.6131 -0.8534 0.1857
1.1113 -0.1446 0.1857
-1.3795 -2.1292 0.1857
-1.5711 -2.6962 -9.0991
-0.6131 -0.0737 0.1857
-1.1879 -0.9242 0.1857
1.1113 0.4933 0.1857
0.1533 -0.0028 0.1857
-0.2299 -1.7039 0.1857
0.5365 1.2730 0.1857
-0.8047 -1.5621 0.1857
-0.2299 0.2807 0.1857
-0.6131 -1.3495 0.1857
-0.9963 -0.2155 0.1857
-1.3795 -0.0737 0.1857
-0.4215 -1.3495 0.1857
-0.9963 -0.0737 0.1857
-0.0383 -0.0028 0.1857
-0.6131 -1.8457 0.1857
-0.8047 0.4224 0.1857
0.5365 -0.0737 0.1857
2.2609 1.4147 0.1857
0.9197 1.4147 0.1857
-1.3795 0.4933 0.1857
-0.8047 0.2098 0.1857
1.3029 0.2098 0.1857
0.1533 -0.2155 0.1857
2.2609 1.4147 0.1857
0.5365 0.0680 0.1857
-0.9963 0.2807 0.1857
-0.4215 0.2098 0.1857
-0.2299 -1.3495 0.1857
1.3029 -0.1446 0.1857
-0.8047 0.2807 0.1857
1.8777 1.2730 0.1857
-0.6131 -1.2078 0.1857
-1.1879 -1.9165 0.1857
1.1113 1.4147 0.1857
0.7281 1.3438 0.1857
1.4945 1.4147 0.1857
0.5365 1.4147 0.1857
-1.3795 -2.1292 0.1857
0.3449 -0.4990 -1.6713
0.5365 1.1312 0.1857
1.6861 0.3516 0.1857
0.1533 -1.5621 0.1857
0.1533 1.4147 0.1857
-0.6131 -0.8534 0.1857
0.3449 -0.4990 -1.6713
-0.9963 -0.2155 0.1857
1.4945 1.4147 0.1857
0.5365 1.2021 0.1857
-0.6131 0.4933 0.1857
-1.7627 -1.0660 0.1857
0.9197 1.3438 0.1857
0.7281 1.2730 0.1857
0.7281 0.2098 0.1857
-1.1879 0.0680 0.1857
0.5365 -0.2863 0.1857
-0.8047 -1.1369 0.1857
0.1533 0.6351 0.1857
1.3029 1.3438 0.1857
0.1533 0.4933 0.1857
-0.6131 -0.2155 0.1857
0.3449 -0.1446 0.1857
1.8777 0.2098 0.1857
