0.4040
0.4461
0.4284
0.4293
0.4464
0.4978
0.7375
0.7318
0.4457
0.4042
0.4718
0.7010
0.4045
0.7465
0.7272
0.4615
0.7430
0.4782
0.4603
0.4618
0.4559
0.4958
0.4344
0.4626
0.4619
0.4449
0.3777
0.7400
0.4877
0.4439
0.4314
0.4025
0.7405
0.4479
0.4704
0.4487
0.6786
0.4291
0.4471
0.4273
0.7243
0.4674
0.4561
0.7432
0.4186
0.4285
0.4286
0.3762
0.4069
0.4497
0.4268
0.3721
0.4470
0.4251
0.4468
0.7517
0.7533
0.4476
0.4506
0.7372
0.4300
0.4988
0.4689
0.4065
0.4465
0.4065
0.4313
0.4447
0.7513
0.6836
0.4458
0.7360
0.7350
0.7417
0.7628
0.3713
0.4068
0.7352
0.4585
0.4455
0.7360
0.4499
0.4315
0.4041
0.7595
0.4982
0.4752
0.4054
0.7495
0.7533
0.4618
0.3711
0.4511
0.4563
0.4618
0.7502
0.7217
0.4435
0.4597
0.4583
