0.0864
0.0693
0.0925
0.0693
0.0948
0.1354
0.1314
0.1100
0.0873
0.0731
0.0809
0.0780
0.0484
0.1025
0.0945
0.0975
0.1232
0.1127
0.1133
0.1209
0.1009
0.1282
0.0928
0.0816
0.1008
0.0935
0.0780
0.1062
0.1002
0.0911
0.0724
0.1013
0.1020
0.1014
0.0913
0.1173
0.0740
0.0696
0.0862
0.0774
0.1183
0.0978
0.1019
0.1072
0.0871
0.0958
0.0921
0.0768
0.0689
0.0957
0.0779
0.0998
0.0927
0.0807
0.1055
0.1452
0.1147
0.0688
0.0821
0.1208
0.0968
0.1461
0.1047
0.0768
0.0898
0.1015
0.1217
0.0814
0.1375
0.0914
0.0790
0.1193
0.1120
0.1272
0.1067
0.0741
0.1016
0.1050
0.1288
0.1114
0.0980
0.0908
0.1006
0.0779
0.1287
0.1059
0.0829
0.0630
0.1150
0.1105
0.1090
0.0732
0.1051
0.0871
0.1009
0.1216
0.0969
0.0804
0.1014
0.1336
