0.7398 0.6439 0.5264 0.3937 0.2602 0.1464 0.0692 0.0306 0.0169 0.0130
0.7189 0.6176 0.4955 0.3610 0.2305 0.1248 0.0581 0.0274 0.0170 0.0135
0.6887 0.5801 0.4525 0.3169 0.1921 0.0985 0.0452 0.0234 0.0162 0.0133
0.7293 0.6306 0.5107 0.3770 0.2448 0.1350 0.0632 0.0288 0.0169 0.0132
0.7293 0.6307 0.5108 0.3772 0.2454 0.1360 0.0646 0.0302 0.0179 0.0138
0.6789 0.5681 0.4390 0.3033 0.1806 0.0907 0.0412 0.0218 0.0156 0.0131
0.6887 0.5800 0.4523 0.3165 0.1912 0.0969 0.0431 0.0213 0.0147 0.0125
0.7948 0.7150 0.6130 0.4908 0.3567 0.2273 0.1227 0.0564 0.0256 0.0153
0.7087 0.6048 0.4806 0.3454 0.2163 0.1143 0.0520 0.0247 0.0159 0.0130
0.7189 0.6176 0.4956 0.3610 0.2306 0.1251 0.0586 0.0280 0.0174 0.0136
0.7398 0.6439 0.5265 0.3938 0.2604 0.1468 0.0699 0.0314 0.0177 0.0135
0.7398 0.6439 0.5264 0.3937 0.2602 0.1463 0.0691 0.0305 0.0169 0.0130
0.7189 0.6176 0.4954 0.3608 0.2300 0.1241 0.0571 0.0263 0.0162 0.0130
0.6789 0.5681 0.4390 0.3034 0.1807 0.0909 0.0415 0.0221 0.0159 0.0132
0.6789 0.5681 0.4389 0.3032 0.1803 0.0902 0.0406 0.0211 0.0151 0.0128
0.6503 0.5336 0.4009 0.2665 0.1510 0.0725 0.0333 0.0195 0.0151 0.0129
0.7293 0.6306 0.5108 0.3770 0.2450 0.1353 0.0635 0.0290 0.0171 0.0134
0.6597 0.5448 0.4131 0.2779 0.1597 0.0771 0.0345 0.0190 0.0144 0.0124
0.7398 0.6439 0.5264 0.3935 0.2598 0.1457 0.0683 0.0296 0.0162 0.0125
0.7293 0.6307 0.5110 0.3775 0.2460 0.1372 0.0663 0.0320 0.0193 0.0145
0.7505 0.6576 0.5428 0.4116 0.2776 0.1606 0.0786 0.0356 0.0191 0.0139
0.6986 0.5923 0.4664 0.3308 0.2038 0.1061 0.0484 0.0240 0.0160 0.0131
0.7505 0.6576 0.5428 0.4117 0.2777 0.1608 0.0789 0.0358 0.0193 0.0140
0.6986 0.5923 0.4663 0.3308 0.2038 0.1059 0.0481 0.0236 0.0158 0.0131
0.7835 0.7002 0.5946 0.4696 0.3349 0.2081 0.1092 0.0495 0.0233 0.0147
0.8298 0.7613 0.6718 0.5604 0.4315 0.2973 0.1763 0.0872 0.0372 0.0175
0.7505 0.6576 0.5428 0.4116 0.2775 0.1604 0.0782 0.0349 0.0185 0.0135
0.8063 0.7301 0.6319 0.5127 0.3795 0.2474 0.1363 0.0622 0.0259 0.0140
0.8063 0.7301 0.6321 0.5130 0.3802 0.2487 0.1385 0.0649 0.0282 0.0153
0.8179 0.7455 0.6515 0.5359 0.4045 0.2708 0.1545 0.0730 0.0306 0.0155
0.7723 0.6856 0.5768 0.4492 0.3141 0.1899 0.0961 0.0420 0.0196 0.0131
0.8298 0.7613 0.6718 0.5603 0.4315 0.2971 0.1759 0.0865 0.0364 0.0169
0.8179 0.7455 0.6515 0.5359 0.4044 0.2706 0.1541 0.0724 0.0299 0.0149
0.7723 0.6857 0.5768 0.4493 0.3143 0.1903 0.0968 0.0428 0.0204 0.0136
0.7189 0.6176 0.4954 0.3607 0.2298 0.1236 0.0562 0.0251 0.0149 0.0120
0.7835 0.7002 0.5946 0.4696 0.3348 0.2079 0.1087 0.0487 0.0224 0.0142
0.8063 0.7301 0.6320 0.5128 0.3797 0.2478 0.1371 0.0632 0.0270 0.0149
0.7948 0.7149 0.6130 0.4906 0.3563 0.2264 0.1211 0.0542 0.0232 0.0134
0.8915 0.8454 0.7826 0.6996 0.5947 0.4705 0.3361 0.2083 0.1071 0.0452
0.7948 0.7149 0.6129 0.4905 0.3562 0.2262 0.1210 0.0541 0.0234 0.0136
0.8063 0.7301 0.6320 0.5129 0.3799 0.2480 0.1375 0.0637 0.0273 0.0149
0.8297 0.7613 0.6717 0.5602 0.4312 0.2965 0.1750 0.0854 0.0355 0.0162
0.7948 0.7149 0.6129 0.4905 0.3562 0.2262 0.1208 0.0539 0.0231 0.0135
0.7835 0.7002 0.5946 0.4696 0.3348 0.2078 0.1087 0.0486 0.0222 0.0138
0.8179 0.7455 0.6515 0.5360 0.4047 0.2712 0.1550 0.0736 0.0310 0.0157
0.7948 0.7150 0.6130 0.4908 0.3566 0.2271 0.1222 0.0555 0.0244 0.0142
0.7613 0.6714 0.5595 0.4299 0.2950 0.1741 0.0861 0.0376 0.0186 0.0131
0.7613 0.6714 0.5594 0.4297 0.2945 0.1732 0.0847 0.0361 0.0174 0.0125
0.7398 0.6439 0.5263 0.3935 0.2597 0.1455 0.0679 0.0289 0.0155 0.0120
0.7613 0.6715 0.5596 0.4301 0.2955 0.1749 0.0873 0.0389 0.0196 0.0135
0.6886 0.5800 0.4522 0.3162 0.1907 0.0958 0.0412 0.0188 0.0121 0.0104
0.7398 0.6439 0.5264 0.3936 0.2599 0.1457 0.0678 0.0284 0.0145 0.0109
0.7189 0.6176 0.4954 0.3606 0.2297 0.1233 0.0557 0.0242 0.0136 0.0108
0.7189 0.6175 0.4953 0.3605 0.2293 0.1227 0.0548 0.0234 0.0132 0.0106
0.6788 0.5680 0.4387 0.3026 0.1791 0.0880 0.0374 0.0176 0.0121 0.0107
0.7189 0.6175 0.4953 0.3605 0.2294 0.1228 0.0550 0.0236 0.0133 0.0107
0.6503 0.5336 0.4007 0.2659 0.1499 0.0705 0.0303 0.0160 0.0118 0.0105
0.7293 0.6306 0.5107 0.3768 0.2445 0.1342 0.0616 0.0263 0.0141 0.0109
0.7293 0.6306 0.5106 0.3767 0.2442 0.1338 0.0611 0.0259 0.0139 0.0108
0.6692 0.5563 0.4256 0.2898 0.1686 0.0814 0.0344 0.0166 0.0117 0.0104
0.6319 0.5117 0.3771 0.2436 0.1324 0.0597 0.0253 0.0140 0.0111 0.0103
0.6986 0.5922 0.4661 0.3302 0.2025 0.1036 0.0448 0.0197 0.0123 0.0105
0.6319 0.5117 0.3772 0.2439 0.1329 0.0606 0.0263 0.0149 0.0116 0.0105
0.7189 0.6175 0.4954 0.3606 0.2296 0.1232 0.0555 0.0241 0.0138 0.0110
0.6692 0.5563 0.4256 0.2897 0.1685 0.0813 0.0343 0.0165 0.0116 0.0104
0.7398 0.6439 0.5263 0.3934 0.2596 0.1451 0.0671 0.0277 0.0140 0.0107
0.6692 0.5563 0.4257 0.2899 0.1689 0.0819 0.0350 0.0171 0.0119 0.0105
0.6789 0.5680 0.4388 0.3029 0.1796 0.0889 0.0383 0.0183 0.0123 0.0106
0.6597 0.5448 0.4129 0.2774 0.1586 0.0752 0.0317 0.0158 0.0115 0.0104
0.6503 0.5335 0.4006 0.2656 0.1493 0.0695 0.0292 0.0151 0.0114 0.0104
0.6986 0.5922 0.4661 0.3301 0.2023 0.1033 0.0443 0.0193 0.0121 0.0104
0.7835 0.7001 0.5945 0.4693 0.3341 0.2065 0.1066 0.0460 0.0197 0.0121
0.7086 0.6047 0.4804 0.3447 0.2149 0.1117 0.0482 0.0202 0.0120 0.0104
0.7189 0.6175 0.4953 0.3604 0.2293 0.1226 0.0548 0.0234 0.0132 0.0107
0.7087 0.6048 0.4806 0.3453 0.2161 0.1137 0.0508 0.0226 0.0134 0.0109
0.7948 0.7150 0.6132 0.4913 0.3578 0.2296 0.1267 0.0621 0.0321 0.0212
0.8063 0.7301 0.6321 0.5131 0.3806 0.2495 0.1403 0.0681 0.0329 0.0203
0.7835 0.7003 0.5949 0.4704 0.3366 0.2115 0.1151 0.0577 0.0322 0.0226
0.7614 0.6716 0.5599 0.4309 0.2973 0.1785 0.0934 0.0474 0.0289 0.0217
0.7724 0.6857 0.5770 0.4499 0.3155 0.1928 0.1011 0.0490 0.0273 0.0197
0.8539 0.7939 0.7141 0.6123 0.4906 0.3571 0.2279 0.1229 0.0560 0.0250
0.7723 0.6857 0.5769 0.4495 0.3149 0.1915 0.0991 0.0464 0.0248 0.0177
0.8180 0.7456 0.6518 0.5367 0.4063 0.2745 0.1611 0.0825 0.0412 0.0247
0.8298 0.7614 0.6720 0.5609 0.4328 0.3000 0.1812 0.0946 0.0461 0.0258
0.7614 0.6715 0.5597 0.4306 0.2966 0.1773 0.0915 0.0451 0.0267 0.0201
0.7614 0.6715 0.5597 0.4305 0.2965 0.1771 0.0911 0.0446 0.0262 0.0196
0.7614 0.6716 0.5598 0.4308 0.2969 0.1779 0.0923 0.0459 0.0274 0.0204
0.7948 0.7151 0.6133 0.4913 0.3580 0.2299 0.1273 0.0629 0.0330 0.0218
0.7835 0.7002 0.5948 0.4700 0.3358 0.2101 0.1128 0.0548 0.0296 0.0206
0.7835 0.7002 0.5948 0.4701 0.3361 0.2105 0.1133 0.0554 0.0301 0.0209
0.7835 0.7002 0.5948 0.4701 0.3360 0.2102 0.1129 0.0547 0.0292 0.0201
0.7399 0.6441 0.5269 0.3949 0.2629 0.1517 0.0777 0.0414 0.0279 0.0219
0.8298 0.7614 0.6719 0.5608 0.4327 0.2998 0.1809 0.0944 0.0462 0.0261
0.8180 0.7456 0.6517 0.5364 0.4057 0.2733 0.1589 0.0794 0.0379 0.0218
0.8180 0.7456 0.6517 0.5365 0.4059 0.2737 0.1596 0.0805 0.0391 0.0229
0.7835 0.7002 0.5948 0.4699 0.3356 0.2096 0.1120 0.0536 0.0283 0.0196
0.8418 0.7775 0.6928 0.5864 0.4615 0.3288 0.2059 0.1117 0.0554 0.0299
0.7948 0.7150 0.6132 0.4913 0.3579 0.2298 0.1270 0.0626 0.0326 0.0217
0.8418 0.7775 0.6927 0.5860 0.4607 0.3271 0.2028 0.1073 0.0505 0.0257
0.7614 0.6716 0.5598 0.4306 0.2967 0.1775 0.0919 0.0456 0.0273 0.0206
