0.0898
0.0844
0.1128
0.0787
0.1079
0.1065
0.1082
0.0909
0.0789
0.0749
0.0669
0.1003
0.0909
0.1033
0.0773
0.1078
0.0783
0.0839
0.0664
0.0646
0.0705
0.0896
0.0862
0.1022
0.1157
0.1082
0.1166
0.1035
0.0747
0.0920
0.1153
0.0796
0.1125
0.0804
0.0880
0.0904
0.1075
0.0987
0.0982
0.1196
0.0701
0.0789
0.1024
0.1152
0.0974
0.0939
0.0975
0.0926
0.0796
0.0880
0.0969
0.0662
0.0836
0.0974
0.1020
0.0639
0.0835
0.0977
0.0937
0.1152
0.0894
0.0826
0.0878
0.0933
0.0823
0.0750
0.1369
0.0698
0.0751
0.1133
0.0804
0.0929
0.0848
0.1066
0.0895
0.0999
0.0797
0.0976
0.0898
0.0915
0.0952
0.0747
0.0708
0.0969
0.0834
0.0737
0.0853
0.0895
0.0985
0.0991
0.0838
0.0664
0.0718
0.0857
0.0941
0.0949
0.0976
0.0990
0.0840
0.0968
0.0828
0.0752
0.0733
0.0926
0.0851
0.1041
0.1017
0.1162
0.1067
0.0629
0.0701
0.0762
0.0653
0.0784
0.1006
0.0787
0.0649
0.0997
0.0972
0.0852
