0.3767
0.4483
0.4907
0.4318
0.4257
0.7575
0.4937
0.2950
0.4597
0.4268
0.3777
0.4805
0.7508
0.7617
0.3086
0.7488
0.3158
0.2947
0.7079
0.2806
0.4450
0.6706
0.7428
0.7508
0.7408
0.4289
0.7344
0.4023
0.7089
0.2843
0.4675
0.3009
0.4482
0.4452
0.3031
0.3009
0.4609
0.4355
0.4263
0.7458
0.2717
0.3090
0.3591
0.7615
0.4454
0.4560
0.4577
0.3202
0.2977
0.4436
0.7158
0.2541
0.7218
0.3624
0.3198
0.3264
0.3615
0.3571
0.4079
0.7533
0.3045
0.7173
0.4504
0.3045
0.2575
0.2983
0.4319
0.2948
0.4052
0.4298
0.4456
0.4346
0.4427
0.4978
0.3744
0.4458
0.4323
0.4451
0.4266
0.7378
0.2993
0.4570
0.4038
0.7069
0.3090
0.3193
0.4067
0.4307
0.7460
0.4937
0.4602
0.4297
0.4014
0.2899
0.7488
0.4292
0.3068
0.6833
0.4542
0.4584
0.3640
0.4064
0.3572
0.3618
0.4494
0.7410
0.4592
0.7575
0.7407
0.4031
0.2719
0.4242
0.2833
0.3085
0.4708
0.3077
0.2867
0.7427
0.3603
0.3260
