0.7930 0.6882 0.5491 0.3852 0.2249 0.1068 0.0488 0.0302 0.0231 0.0176
0.7422 0.6187 0.4634 0.2956 0.1525 0.0672 0.0356 0.0267 0.0215 0.0168
0.7300 0.6026 0.4444 0.2773 0.1399 0.0624 0.0355 0.0274 0.0220 0.0170
0.7422 0.6187 0.4634 0.2955 0.1522 0.0668 0.0352 0.0265 0.0214 0.0167
0.7300 0.6025 0.4442 0.2769 0.1390 0.0610 0.0341 0.0264 0.0214 0.0167
0.7422 0.6188 0.4636 0.2962 0.1539 0.0697 0.0385 0.0289 0.0228 0.0175
0.7546 0.6355 0.4836 0.3162 0.1689 0.0768 0.0403 0.0291 0.0229 0.0175
0.7800 0.6702 0.5265 0.3611 0.2055 0.0976 0.0485 0.0324 0.0245 0.0183
0.7930 0.6882 0.5491 0.3854 0.2254 0.1077 0.0499 0.0310 0.0235 0.0178
0.8062 0.7067 0.5728 0.4112 0.2472 0.1188 0.0503 0.0276 0.0210 0.0165
0.7800 0.6701 0.5262 0.3601 0.2030 0.0930 0.0426 0.0275 0.0215 0.0167
0.7546 0.6354 0.4834 0.3155 0.1671 0.0736 0.0365 0.0262 0.0212 0.0166
0.7672 0.6526 0.5045 0.3376 0.1854 0.0849 0.0422 0.0293 0.0230 0.0176
0.7422 0.6187 0.4633 0.2953 0.1520 0.0664 0.0350 0.0263 0.0212 0.0166
0.8334 0.7455 0.6239 0.4711 0.3054 0.1620 0.0731 0.0371 0.0252 0.0186
0.7930 0.6882 0.5490 0.3848 0.2240 0.1051 0.0464 0.0280 0.0217 0.0169
0.7800 0.6701 0.5261 0.3598 0.2022 0.0915 0.0408 0.0263 0.0210 0.0165
0.8062 0.7067 0.5728 0.4113 0.2474 0.1195 0.0514 0.0286 0.0215 0.0167
0.7546 0.6354 0.4834 0.3155 0.1672 0.0737 0.0365 0.0262 0.0212 0.0167
0.7800 0.6701 0.5263 0.3606 0.2043 0.0955 0.0457 0.0301 0.0232 0.0176
0.8062 0.7067 0.5726 0.4108 0.2459 0.1161 0.0455 0.0214 0.0151 0.0123
0.7300 0.6023 0.4434 0.2745 0.1335 0.0515 0.0222 0.0154 0.0130 0.0113
0.7671 0.6524 0.5040 0.3359 0.1814 0.0772 0.0313 0.0177 0.0131 0.0109
0.7180 0.5865 0.4251 0.2572 0.1217 0.0467 0.0211 0.0144 0.0117 0.0102
0.7799 0.6700 0.5258 0.3591 0.2004 0.0878 0.0345 0.0179 0.0127 0.0104
0.7300 0.6024 0.4438 0.2756 0.1359 0.0551 0.0254 0.0166 0.0127 0.0107
0.7300 0.6024 0.4438 0.2755 0.1356 0.0545 0.0251 0.0170 0.0135 0.0114
0.7672 0.6525 0.5043 0.3370 0.1837 0.0811 0.0355 0.0205 0.0146 0.0117
0.8062 0.7066 0.5724 0.4103 0.2448 0.1142 0.0435 0.0200 0.0141 0.0117
0.8196 0.7257 0.5974 0.4389 0.2714 0.1319 0.0501 0.0205 0.0136 0.0113
0.7671 0.6523 0.5035 0.3347 0.1785 0.0724 0.0263 0.0147 0.0120 0.0106
0.7546 0.6353 0.4832 0.3148 0.1654 0.0700 0.0307 0.0192 0.0147 0.0121
0.7421 0.6185 0.4627 0.2935 0.1476 0.0583 0.0240 0.0151 0.0121 0.0105
0.6832 0.5415 0.3744 0.2110 0.0913 0.0338 0.0172 0.0131 0.0112 0.0100
0.7671 0.6524 0.5040 0.3360 0.1816 0.0775 0.0315 0.0177 0.0131 0.0109
0.7672 0.6525 0.5042 0.3367 0.1832 0.0802 0.0344 0.0195 0.0137 0.0111
0.7930 0.6881 0.5487 0.3841 0.2220 0.1009 0.0397 0.0197 0.0137 0.0112
0.7800 0.6701 0.5261 0.3598 0.2021 0.0905 0.0376 0.0202 0.0142 0.0114
0.6832 0.5416 0.3747 0.2119 0.0934 0.0369 0.0204 0.0155 0.0129 0.0111
0.7672 0.6525 0.5041 0.3365 0.1827 0.0793 0.0336 0.0193 0.0139 0.0114
0.7421 0.6185 0.4627 0.2935 0.1474 0.0575 0.0223 0.0128 0.0101 0.0089
0.6610 0.5135 0.3442 0.1855 0.0768 0.0289 0.0156 0.0118 0.0100 0.0090
0.6610 0.5135 0.3441 0.1854 0.0763 0.0282 0.0149 0.0112 0.0096 0.0088
0.6946 0.5561 0.3906 0.2255 0.1005 0.0373 0.0172 0.0118 0.0098 0.0089
0.6610 0.5135 0.3442 0.1855 0.0767 0.0286 0.0152 0.0113 0.0096 0.0088
0.6946 0.5561 0.3905 0.2252 0.0999 0.0364 0.0166 0.0117 0.0099 0.0089
0.7062 0.5711 0.4074 0.2406 0.1101 0.0407 0.0178 0.0119 0.0099 0.0089
0.6832 0.5416 0.3745 0.2113 0.0918 0.0341 0.0166 0.0117 0.0097 0.0088
0.6832 0.5415 0.3744 0.2110 0.0913 0.0333 0.0160 0.0115 0.0097 0.0089
0.7180 0.5865 0.4251 0.2570 0.1212 0.0454 0.0190 0.0121 0.0098 0.0089
0.6610 0.5136 0.3443 0.1858 0.0771 0.0291 0.0155 0.0113 0.0095 0.0087
0.7062 0.5710 0.4073 0.2403 0.1095 0.0400 0.0173 0.0117 0.0097 0.0088
0.6502 0.5001 0.3302 0.1743 0.0709 0.0273 0.0152 0.0112 0.0095 0.0087
0.6832 0.5416 0.3746 0.2115 0.0922 0.0345 0.0168 0.0118 0.0098 0.0089
0.6610 0.5135 0.3441 0.1854 0.0764 0.0284 0.0152 0.0115 0.0098 0.0089
0.6832 0.5415 0.3743 0.2108 0.0909 0.0329 0.0157 0.0112 0.0095 0.0087
0.7062 0.5711 0.4074 0.2404 0.1098 0.0404 0.0176 0.0119 0.0099 0.0090
0.6946 0.5561 0.3906 0.2253 0.1002 0.0367 0.0167 0.0116 0.0097 0.0088
0.7300 0.6023 0.4435 0.2746 0.1335 0.0509 0.0203 0.0124 0.0100 0.0090
0.6832 0.5415 0.3742 0.2106 0.0904 0.0322 0.0152 0.0112 0.0096 0.0088
0.7546 0.6353 0.4832 0.3149 0.1657 0.0705 0.0311 0.0189 0.0136 0.0105
0.7799 0.6699 0.5256 0.3584 0.1988 0.0852 0.0320 0.0167 0.0124 0.0101
0.8062 0.7066 0.5724 0.4103 0.2448 0.1143 0.0434 0.0195 0.0131 0.0103
0.7546 0.6353 0.4831 0.3147 0.1652 0.0696 0.0302 0.0184 0.0134 0.0106
0.7929 0.6881 0.5486 0.3837 0.2210 0.0992 0.0377 0.0183 0.0130 0.0103
0.7545 0.6352 0.4829 0.3139 0.1635 0.0671 0.0278 0.0170 0.0128 0.0103
0.7930 0.6882 0.5489 0.3847 0.2234 0.1033 0.0423 0.0214 0.0142 0.0107
0.7799 0.6700 0.5257 0.3588 0.1996 0.0863 0.0331 0.0174 0.0128 0.0103
0.7422 0.6186 0.4629 0.2942 0.1490 0.0607 0.0266 0.0170 0.0128 0.0103
0.7300 0.6023 0.4435 0.2746 0.1338 0.0520 0.0227 0.0154 0.0122 0.0101
0.7671 0.6524 0.5039 0.3357 0.1809 0.0766 0.0309 0.0177 0.0130 0.0103
0.8334 0.7454 0.6237 0.4705 0.3036 0.1578 0.0653 0.0267 0.0151 0.0110
0.7545 0.6352 0.4829 0.3139 0.1634 0.0667 0.0271 0.0164 0.0126 0.0102
0.7929 0.6880 0.5486 0.3836 0.2209 0.0989 0.0374 0.0181 0.0129 0.0104
0.7930 0.6881 0.5488 0.3841 0.2221 0.1011 0.0397 0.0196 0.0134 0.0104
0.7930 0.6881 0.5487 0.3839 0.2216 0.1001 0.0386 0.0188 0.0131 0.0103
0.8197 0.7258 0.5976 0.4396 0.2730 0.1349 0.0537 0.0230 0.0142 0.0108
0.7799 0.6700 0.5259 0.3593 0.2008 0.0886 0.0357 0.0192 0.0135 0.0105
0.8197 0.7257 0.5975 0.4392 0.2722 0.1333 0.0519 0.0217 0.0135 0.0104
0.7546 0.6353 0.4832 0.3150 0.1659 0.0708 0.0314 0.0190 0.0136 0.0106
0.7180 0.5866 0.4254 0.2578 0.1229 0.0479 0.0213 0.0137 0.0110 0.0099
0.7421 0.6185 0.4628 0.2936 0.1478 0.0583 0.0232 0.0137 0.0109 0.0098
0.7299 0.6022 0.4433 0.2740 0.1325 0.0497 0.0197 0.0125 0.0105 0.0096
0.7180 0.5865 0.4251 0.2572 0.1215 0.0460 0.0197 0.0130 0.0109 0.0099
0.7545 0.6352 0.4827 0.3135 0.1623 0.0647 0.0243 0.0136 0.0108 0.0097
0.6946 0.5561 0.3905 0.2253 0.1003 0.0371 0.0175 0.0126 0.0108 0.0099
0.7180 0.5865 0.4252 0.2574 0.1220 0.0467 0.0203 0.0132 0.0107 0.0096
0.6290 0.4743 0.3034 0.1530 0.0594 0.0234 0.0146 0.0121 0.0109 0.0100
0.6946 0.5562 0.3907 0.2258 0.1013 0.0383 0.0184 0.0129 0.0109 0.0099
0.7062 0.5711 0.4073 0.2404 0.1097 0.0404 0.0179 0.0124 0.0105 0.0095
0.7300 0.6023 0.4434 0.2745 0.1333 0.0508 0.0206 0.0132 0.0110 0.0099
0.7180 0.5865 0.4251 0.2572 0.1216 0.0462 0.0199 0.0131 0.0108 0.0098
0.6832 0.5416 0.3746 0.2116 0.0926 0.0352 0.0178 0.0128 0.0109 0.0099
0.7062 0.5712 0.4079 0.2419 0.1128 0.0444 0.0210 0.0139 0.0113 0.0101
0.6832 0.5415 0.3744 0.2111 0.0915 0.0338 0.0168 0.0126 0.0110 0.0100
0.7180 0.5865 0.4251 0.2572 0.1217 0.0463 0.0200 0.0132 0.0109 0.0098
0.7180 0.5864 0.4249 0.2566 0.1205 0.0446 0.0187 0.0127 0.0109 0.0099
0.6946 0.5561 0.3906 0.2255 0.1007 0.0375 0.0177 0.0127 0.0108 0.0098
0.7062 0.5711 0.4075 0.2409 0.1109 0.0421 0.0194 0.0130 0.0107 0.0096
0.7300 0.6023 0.4435 0.2748 0.1340 0.0518 0.0215 0.0136 0.0111 0.0098
0.8062 0.7068 0.5729 0.4116 0.2481 0.1205 0.0521 0.0284 0.0205 0.0153
0.7930 0.6882 0.5492 0.3855 0.2255 0.1077 0.0494 0.0299 0.0219 0.0161
0.7800 0.6701 0.5262 0.3604 0.2036 0.0942 0.0441 0.0285 0.0214 0.0158
0.8334 0.7454 0.6238 0.4708 0.3044 0.1599 0.0697 0.0332 0.0219 0.0159
0.7672 0.6525 0.5044 0.3373 0.1848 0.0837 0.0404 0.0273 0.0209 0.0155
0.8473 0.7656 0.6511 0.5040 0.3388 0.1876 0.0852 0.0387 0.0235 0.0166
0.8062 0.7068 0.5732 0.4125 0.2505 0.1254 0.0590 0.0350 0.0248 0.0175
0.8197 0.7258 0.5978 0.4401 0.2747 0.1388 0.0604 0.0312 0.0217 0.0159
0.8473 0.7655 0.6510 0.5035 0.3374 0.1847 0.0811 0.0350 0.0212 0.0154
0.7800 0.6701 0.5261 0.3599 0.2024 0.0918 0.0408 0.0256 0.0196 0.0149
0.8062 0.7067 0.5728 0.4112 0.2472 0.1189 0.0504 0.0273 0.0199 0.0150
0.8473 0.7656 0.6512 0.5041 0.3389 0.1879 0.0859 0.0399 0.0245 0.0171
0.8334 0.7455 0.6240 0.4713 0.3057 0.1626 0.0733 0.0363 0.0238 0.0168
0.7930 0.6882 0.5491 0.3851 0.2248 0.1065 0.0479 0.0289 0.0214 0.0158
0.7800 0.6702 0.5265 0.3610 0.2051 0.0968 0.0473 0.0311 0.0231 0.0166
0.8062 0.7067 0.5729 0.4116 0.2480 0.1204 0.0522 0.0288 0.0208 0.0155
0.8334 0.7455 0.6239 0.4711 0.3054 0.1617 0.0720 0.0352 0.0231 0.0165
0.7800 0.6701 0.5263 0.3604 0.2038 0.0945 0.0446 0.0290 0.0218 0.0160
0.8062 0.7067 0.5727 0.4109 0.2464 0.1174 0.0480 0.0247 0.0181 0.0141
0.8473 0.7656 0.6513 0.5045 0.3401 0.1904 0.0895 0.0433 0.0268 0.0182
