-0.0694 -0.0940 -0.1530 0.0744
-0.3145 0.0223 0.5864 0.5899
1.4009 1.1275 1.0793 0.5899
-0.5595 0.4877 0.7712 0.5899
1.1558 1.2439 0.8944 0.5899
1.4009 1.0693 1.1409 0.5899
1.4009 1.4765 1.2641 0.5899
-0.5595 -0.7921 -0.8308 -0.6128
-0.5595 -0.0940 0.2783 0.5899
-0.8046 0.0805 0.2167 0.5899
-1.2947 -0.4431 -0.2146 0.0744
0.6657 0.8367 1.0177 0.5899
0.4207 0.8948 1.1409 0.5899
1.1558 1.2439 1.2641 0.5899
-1.0496 -0.6176 -0.5843 0.0744
1.4009 1.4765 1.2641 0.5899
-0.8046 -1.2574 -1.5701 -0.9564
-0.5595 -1.7228 -2.5559 -3.5335
-1.2947 -0.2104 0.4015 0.5899
-1.7848 -1.1411 -0.8308 -0.6128
-1.0496 0.1968 0.6480 0.5899
-0.0694 0.0805 0.5247 0.5899
0.1756 0.8367 1.0177 0.5899
1.1558 1.1857 1.2641 0.5899
1.8910 1.0693 1.2025 0.5899
1.1558 1.1275 0.5247 0.5899
1.8910 1.4765 1.2641 0.5899
0.9108 0.6040 -0.2146 0.0744
-0.8046 -0.0940 0.1551 0.5899
-0.5595 -1.3156 -0.9540 -1.4718
1.4009 0.4295 0.8328 0.5899
-1.0496 -1.0829 -0.8924 -1.1282
1.4009 1.0112 0.5864 0.5899
-0.5595 -0.0940 0.4015 0.5899
-0.3145 -1.4319 -2.4327 -3.5335
-0.5595 -0.9666 -0.7075 -0.2692
1.1558 1.0112 0.5247 0.5899
0.6657 0.8948 0.4631 0.5899
0.6657 0.8367 0.1551 0.5899
2.1360 1.5347 1.2641 0.5899
-1.5397 -1.3738 -1.2004 -2.6744
-1.0496 -0.7921 -0.4611 0.0744
0.4207 -1.2574 -1.5085 -1.3000
1.8910 1.2439 1.2641 0.5899
0.6657 1.0112 0.4015 0.5899
0.4207 1.1275 0.7096 0.5899
0.4207 0.3713 0.5864 0.5899
-0.0694 -1.1993 -1.6317 -0.9564
-1.0496 -0.8502 -0.6459 -0.9564
-0.0694 0.0223 0.3399 0.5899
0.4207 0.3131 0.4015 0.5899
-1.7848 -1.8391 -1.8782 -3.5335
-0.3145 0.0223 0.4631 0.5899
0.1756 -0.9666 -0.8308 -0.2692
0.4207 -0.9666 -0.8308 0.2463
-1.7848 -1.0248 -0.5843 -0.4410
-0.5595 -1.1411 -1.3853 -1.1282
0.1756 -1.1993 -1.5085 -0.9564
0.4207 0.6040 0.1551 0.5899
1.8910 1.7092 1.2641 0.5899
-0.5595 -0.9666 -0.5843 -0.6128
-0.3145 0.4295 0.4015 0.5899
-0.0694 0.1968 0.7712 0.5899
-0.0694 -1.4901 -1.9398 -1.3000
-1.0496 -1.7228 -1.7550 -3.5335
-1.2947 -0.8502 -0.7075 -0.4410
2.6261 1.2439 0.8328 0.5899
-1.5397 -1.0248 -0.7075 -0.2692
-0.8046 -0.2104 0.5864 0.5899
1.4009 0.8948 0.2167 0.5899
-0.5595 -0.2104 0.0318 0.2463
0.1756 0.0805 0.1551 0.5899
-0.3145 -0.0940 0.2167 0.5899
1.4009 1.7674 1.2641 0.5899
-0.0694 0.1386 0.5864 0.5899
0.6657 1.1275 0.6480 0.5899
-0.5595 -0.0359 0.2167 0.5899
0.4207 0.0223 0.7096 0.5899
-0.0694 -0.3849 -0.2762 0.0744
0.1756 0.5458 0.5864 0.5899
-0.3145 -1.0248 -0.7075 -0.7846
-0.8046 -0.0359 0.5247 0.5899
-1.0496 -0.0940 0.2167 0.5899
0.6657 1.1857 0.5864 0.5899
-0.5595 -1.3738 -1.2004 -0.0974
-1.0496 -1.1411 -1.2621 0.0744
-0.0694 1.1275 0.7096 0.5899
0.1756 0.8948 0.7096 0.5899
0.9108 0.9530 1.2641 0.5899
0.9108 1.3602 1.2641 0.5899
-0.3145 -0.3267 0.0934 0.5899
-1.2947 0.1968 0.5864 0.5899
-1.0496 -0.5594 -0.2762 0.2463
-0.8046 -1.2574 -1.0156 -1.3000
0.6657 1.3020 1.2641 0.5899
0.4207 0.7785 0.0934 0.5899
0.1756 -1.3738 -2.1247 -0.9564
0.6657 1.2439 0.7712 0.5899
-0.3145 0.1386 0.5247 0.5899
0.4207 0.6040 0.7096 0.5899
-0.5595 -0.9084 -0.6459 0.2463
-0.8046 0.2550 0.3399 0.5899
-1.0496 -0.8502 -0.3995 0.2463
-0.0694 -1.3156 -1.9398 -1.6436
-0.3145 -0.6176 -0.3995 0.0744
1.1558 1.3602 1.2641 0.5899
0.9108 1.0693 0.6480 0.5899
1.8910 1.4184 1.2641 0.5899
1.4009 1.3020 1.2641 0.5899
-1.5397 -0.7921 -0.3995 -0.0974
-1.5397 -1.1993 -0.8308 -0.6128
-0.8046 -0.3849 0.1551 0.5899
-1.7848 -1.3738 -1.0772 -1.4718
-0.8046 -1.3156 -1.6934 -0.6128
0.9108 0.8948 0.2783 0.5899
-0.8046 -1.3738 -1.7550 -1.3000
-1.5397 -1.7228 -2.5559 -3.5335
0.9108 1.0112 1.0793 0.5899
0.1756 -1.0248 -1.1388 -0.6128
-0.8046 -1.1993 -0.7691 -0.7846
