0.4703
0.4277
0.4277
0.4475
0.3707
0.4063
0.4463
0.4443
0.3333
0.4462
0.3321
0.3669
0.4453
0.3333
0.3721
0.3322
0.4382
0.4250
0.3760
0.4455
0.4044
0.4051
0.4045
0.3329
0.3287
0.6827
0.3752
0.4047
0.4099
0.4232
0.4068
0.7330
0.4462
0.3207
0.3258
0.3201
0.3718
0.4282
0.4467
0.3718
0.4247
0.4483
0.4457
0.3333
0.4453
0.4717
0.4058
0.4298
0.3333
0.3743
0.3298
0.3762
0.4852
0.3755
0.3769
0.4473
0.4057
0.3333
0.4702
0.4942
0.4058
0.3767
0.3330
0.4287
0.4705
0.4061
0.4284
0.6947
0.3750
0.3329
0.4068
0.4280
0.4487
0.4070
0.4016
0.3667
0.3748
0.4478
0.4263
0.4315
0.4041
0.6940
0.4038
0.4513
0.4440
0.4283
0.3329
0.3333
0.3711
0.4313
0.4613
0.4107
0.3332
0.3742
0.3329
0.4040
0.3755
0.4297
0.4253
0.4314
0.3314
0.3319
0.4495
0.4067
0.4335
0.4017
0.4088
0.3709
0.3745
0.3289
0.4112
0.4048
0.4718
0.3741
0.3740
0.3322
0.3692
0.4069
0.3739
0.4066
0.4291
0.3322
0.4837
0.4283
0.2532
0.3327
0.4046
0.3163
0.4059
0.2722
0.2713
0.4478
0.4050
0.3752
0.3333
0.3284
0.3755
0.3330
0.2883
0.3308
0.3720
0.1360
0.4612
0.3723
0.3257
0.2470
0.3209
0.3245
0.4052
0.3699
0.3726
0.4726
0.4012
0.4068
0.3722
0.3322
0.3694
0.3333
0.3301
0.4465
0.3125
0.3333
0.3332
0.3090
0.3267
0.4070
0.4057
0.4335
0.3328
0.2570
0.1235
0.4480
0.4082
0.3307
0.3787
0.3116
0.3283
0.3622
0.3300
0.3745
0.3332
0.3742
0.3278
0.3287
0.3782
0.3211
0.4007
0.1298
0.3333
0.4016
0.3317
0.2845
0.3735
0.3265
0.3732
0.4048
0.3478
0.4254
0.1536
0.3773
0.1253
0.2971
0.3332
0.4037
0.3315
0.3321
0.3647
0.1536
0.3600
0.3332
0.3243
0.3317
0.4009
0.3299
0.1603
0.4112
0.2940
0.4072
0.3300
0.2900
0.4012
0.3049
0.3268
0.3655
0.2407
0.2031
0.3199
0.1674
0.3331
0.2279
0.2357
0.2790
0.1217
0.3257
0.1617
0.2842
0.3332
0.3538
0.3711
0.4048
0.3728
0.2881
0.3749
0.3302
0.1935
0.3257
0.1507
0.2097
0.3810
0.3763
0.3332
0.4042
0.3762
0.1623
0.3588
0.3765
0.3325
0.1680
0.3312
0.2775
0.2432
0.3322
0.3330
0.1943
0.3292
0.4052
0.3281
0.1458
0.2136
0.3622
0.3302
0.3327
0.3327
0.4067
0.1370
0.2421
0.1572
0.3301
0.4083
0.3330
0.2582
0.3765
0.2795
0.2632
0.3169
0.2007
0.4065
0.3605
0.4056
0.3221
0.2295
0.3055
0.3748
0.3276
0.3748
0.2961
0.3218
0.1487
0.4281
0.3245
0.3030
0.3184
0.2669
0.4334
0.4307
0.1822
0.3907
0.3769
0.1600
0.2695
0.2928
0.2652
0.1614
0.1450
0.2031
0.3763
0.2707
0.3238
0.3728
0.2812
0.1420
0.3719
0.1694
0.1539
0.2145
0.3707
0.3154
0.3328
0.1693
0.2784
0.3219
0.3290
0.1644
0.2976
0.1657
0.1480
0.1338
0.3623
0.1593
0.3494
0.1863
0.1403
0.3053
0.3672
0.3222
0.2389
0.3157
0.3322
0.4025
0.2920
0.3508
0.3626
0.4045
0.3282
0.3728
0.4001
0.3039
0.2981
0.2492
0.3304
0.2610
0.3765
0.1476
0.4058
0.2919
0.1407
0.1373
0.3331
0.3673
0.1629
0.2527
0.1664
0.2127
0.2488
0.2107
0.2697
0.3763
0.2887
0.3247
0.2399
0.1720
0.3291
0.3187
0.4303
0.1511
0.4460
0.1290
0.1497
0.1537
0.3272
0.2858
0.3088
0.2868
0.3125
0.2108
0.3096
0.1551
0.1247
0.3314
0.1474
0.4040
0.1595
0.3027
0.1526
0.3149
0.3300
0.2664
0.1466
0.3035
0.1598
0.2260
0.2224
0.1363
0.2745
0.1302
0.2282
0.1566
0.1526
0.2029
0.3317
0.2163
0.3356
0.3044
0.3743
0.1263
0.2255
0.3679
0.2466
0.3732
0.3746
0.3246
0.1651
0.3151
0.3726
0.3967
0.3238
0.3554
0.2924
0.3645
0.1515
0.2367
0.1758
0.2361
0.1773
0.1447
0.2697
0.1395
0.3776
0.3205
0.3025
0.3284
0.3732
0.3247
0.2163
0.2073
0.1923
0.1989
0.1893
0.3713
0.3043
0.1255
0.2451
0.3478
0.2315
0.2242
0.3332
0.1999
0.1202
0.1235
0.2343
0.2946
0.3994
0.1603
0.2743
0.2745
0.1663
0.2649
0.2313
0.2193
0.4044
0.2916
0.1621
0.1520
0.1930
0.1067
0.1440
0.2503
0.2116
0.1442
0.3667
0.2197
0.1377
0.1562
