0.7385
0.7515
0.7347
0.7282
0.3737
0.4778
0.4918
0.4448
0.7635
0.7490
0.4785
0.4963
0.4312
0.4046
0.3757
0.3317
0.3760
0.4032
0.4298
0.3333
0.3333
0.3328
0.3330
0.3725
0.3697
0.3750
0.3327
0.3333
0.3777
0.3743
0.4608
0.4935
0.3730
0.3757
0.4077
0.4605
0.4693
0.4843
0.4770
0.4823
0.4948
0.4912
0.4455
0.7485
0.7483
0.4480
0.3745
0.3329
0.7653
0.7580
0.3791
0.3726
0.4052
0.3772
0.4572
0.4332
0.4593
0.4978
0.4797
0.4792
0.4935
0.4997
0.4892
0.4678
0.4093
0.4297
0.4058
0.4702
0.4610
0.4625
0.7457
0.4673
0.4865
0.4970
0.4918
0.3745
0.4303
0.4435
0.4720
0.4510
0.4075
0.3333
0.3302
0.7370
0.4960
0.4089
0.3758
0.4275
0.4903
0.4783
0.4068
0.4457
0.4933
0.4075
0.3333
0.4300
0.4957
0.4120
0.4007
0.4282
0.7408
0.4690
0.6745
0.4613
0.4760
0.3333
0.4492
0.4293
0.4033
0.4832
0.4308
0.4930
0.4993
0.4325
0.4623
0.4463
0.7502
0.4302
0.4295
0.4700
0.4312
0.4042
0.4618
0.4620
0.4463
0.4505
0.7503
0.7347
0.4302
0.4505
0.4885
0.4783
0.4865
0.4472
0.4057
0.4883
0.4482
0.3787
0.4772
0.4050
0.4462
0.4023
0.4617
0.4713
0.4815
0.3259
0.3747
0.4695
0.4063
0.4068
0.4048
0.4450
0.4875
0.4648
0.7492
0.7622
0.4807
0.4814
0.7493
0.7550
0.7510
0.4872
0.4965
0.7415
0.4711
0.4813
0.4300
0.4745
0.4978
0.4632
0.4000
0.3333
0.7500
0.4960
0.7198
0.3332
0.4757
0.4727
0.4627
0.4777
0.4568
0.4065
0.3728
0.4265
0.3717
0.7458
0.3332
0.4727
0.3768
0.3762
0.3763
0.4860
0.4965
0.7305
0.4627
0.4092
0.3281
0.4578
0.4077
0.4038
0.4046
0.4967
0.4825
0.7393
0.4765
0.4893
0.4467
0.4415
0.4755
0.4822
0.7420
0.4895
0.4970
0.4868
0.7428
0.4950
0.7572
0.4957
0.4220
0.4888
0.4863
0.3757
0.4440
0.4611
0.4868
0.4620
0.3739
0.4007
0.3333
0.3333
0.4847
0.4917
0.4477
0.3332
0.4492
0.3705
0.4060
0.4292
0.3054
0.4507
0.4072
0.4833
0.4462
0.4070
0.3752
0.4277
0.3750
0.4767
0.4445
0.4703
0.4930
0.4053
0.7260
0.3728
0.4460
0.4272
0.4052
0.4467
0.4898
0.7508
0.4502
0.4913
0.7398
0.4492
0.3626
0.3618
0.3758
0.4335
0.4312
0.4600
0.4053
0.4585
0.4887
0.4323
0.4468
0.4852
0.4580
0.4653
0.4137
0.4695
0.3527
0.3764
0.4728
0.4037
0.4022
0.4097
0.4290
0.4863
0.4447
0.4278
0.2781
0.2770
0.4038
0.3728
0.4828
0.4862
0.4293
0.4305
0.3730
0.4785
0.3737
0.4487
0.4093
0.4705
0.4060
0.3329
0.4938
0.3718
0.4467
0.4942
0.3326
0.3718
0.3333
0.4268
0.1134
0.4717
0.4285
0.4048
0.4064
0.4410
0.7632
0.4062
0.4355
0.3804
0.4457
0.4708
0.3326
0.3330
0.4683
0.4318
0.3333
0.3298
0.4510
0.4350
0.4498
0.3739
0.4495
0.4490
0.4295
0.4092
0.3712
0.4453
0.4602
0.4785
0.4970
0.3754
0.7330
0.3333
0.4468
0.4793
0.4497
0.4698
0.4315
0.3744
0.4715
0.4344
0.4266
0.3763
0.4915
0.3746
0.4945
0.4055
0.3775
0.3332
0.4063
0.3331
0.4735
0.3325
0.4482
0.4960
0.3333
0.3301
0.4033
0.7543
0.4695
0.3762
0.4100
0.4290
0.4077
0.3784
0.3301
0.7222
0.3306
0.3333
0.4320
0.3332
0.4047
0.3738
0.4682
0.1109
0.2284
0.4080
0.4470
0.4492
0.4635
0.3741
0.3748
0.3750
0.3269
0.4118
0.3333
0.4442
0.3060
0.3332
0.3818
0.3742
0.4477
0.4044
0.3777
0.3992
0.2711
0.3292
0.4593
0.2298
0.4488
0.4840
0.3551
0.3298
0.3743
0.3747
0.2832
0.2659
0.3301
0.4575
0.4024
0.7063
0.4157
0.4075
0.3123
0.3703
0.3316
0.4818
0.4572
0.4018
0.4097
0.4062
0.3703
0.3512
0.4298
0.3332
0.3181
0.3318
0.4052
0.4698
0.3330
0.1658
0.3691
0.2812
0.4268
0.3689
0.0907
0.3322
0.3723
0.3268
0.3528
0.3320
0.1505
0.3230
0.1608
0.4735
0.2729
0.3220
0.3728
0.3787
0.3738
0.2726
0.1643
0.4793
0.3196
0.3737
0.3332
0.3746
0.1045
0.3332
0.4067
0.3257
0.4035
0.3302
0.4058
0.3332
0.2760
0.3735
0.1519
0.4717
0.3256
0.3255
0.3267
0.3272
0.3321
0.4003
0.3314
0.3287
0.3649
